Huffman.java.output:

Enter the filename to read from: Pokemon.txt


E	0.1165	00
T	0.1121	010
O	0.1077	0110
A	0.0813	01110
S	0.0549	011110
N	0.0549	0111110
R	0.0505	01111110
L	0.0484	011111110
U	0.0418	0111111110
Y	0.0374	01111111110
M	0.033	011111111110
H	0.033	0111111111110
P	0.0308	01111111111110
D	0.0308	011111111111110
I	0.0286	0111111111111110
C	0.0264	01111111111111110
K	0.0242	011111111111111110
G	0.0154	0111111111111111110
F	0.0154	01111111111111111110
W	0.0132	011111111111111111110
V	0.011	0111111111111111111110
.	0.011	01111111111111111111110
,	0.0022	01111111111111111111111010
J	0.0022	01111111111111111111111011
B	0.0088	011111111111111111111111
Encoding Output:
01111111111110
0110
011111111111111110
00
011111111110
0110
0111110
010
0110
011111111111111111110
00
01111110
011111111111110
00
01111111111111111110
00
0111110
011110
00
01111111110
0110
0111111110
01111110
011111111110
0111111111111110
011110
011110
0111111111111110
0110
0111110
0111111111111110
0111110
010
0111111111110
0111111111111110
011110
01111111111111111110
0111111110
0111110
011110
010
01111110
01110
010
00
0111111111111111110
01111111110
010
0110
011111111111111111110
00
01111110
011111111111110
00
01111111111111111110
00
0111110
011110
00
0111111111111111110
01110
011111111110
00
0111111111111110
011110
010
0110
0111111111110
00
011111110
01111111111110
01111111111110
01111110
0110
01111111111111111110
00
011110
011110
0110
01111110
0110
01110
011111111111111110
010
0110
011110
010
0110
01111111111110
01110
010
010
01110
01111111111111110
011111111111111110
011110
0110
01111111111111111110
011111111111111111110
0111111111111110
011111110
011111111111110
01111110
01110
010
010
01110
010
01110
01111111111111111111110
011110
00
010
0110
0111111110
010
0110
0111110
01111111110
0110
0111111110
01111110
0110
011111111111111111110
0111110
01111111111110
0110
011111111111111110
00
011111111110
0110
0111110
01111111111111111111111011
0110
0111111110
01111110
0111110
00
01111111110
01111111111111111111111010
010
0110
01111111111111110
01110
010
01111111111111110
0111111111110
01110
0111110
011111111111110
010
01111110
01110
0111111111111110
0111110
01110
011111110
011111110
01111111111110
0110
011111111111111110
00
011111111110
0110
0111110
01110
0111110
011111111111110
010
01111110
01111111110
010
0110
011110
0110
011111110
0111111111111111111110
00
010
0111111111110
00
011111111110
01111111110
011110
010
00
01111110
01111111110
011111111111111111111111
00
0111111111110
0111111111111110
0111110
011111111111110
010
0111111111110
00
011110
00
01110
010
010
01110
01111111111111110
011111111111111110
011110
01111111111111111111110
01111111110
0110
0111111110
011111111110
0111111110
011110
010
01111111111110
011111110
01110
01111111111111110
00
01111111111110
0110
011111111111111110
00
011111111110
0110
0111110
01111111111111110
0111111111110
01110
01111110
01110
01111111111111110
010
00
01111110
011110
011110
010
01111110
01110
010
00
0111111111111111110
0111111111111110
01111111111111110
01110
011111110
011111110
01111111110
0110
0111110
010
0111111111110
00
011111111111111111111111
01110
010
010
011111110
00
01111111111111111110
0111111111111110
00
011111110
011111111111110
011110
0110
010
0111111111110
01110
010
010
0111111111110
00
01111111110
011110
010
0110
01111111111110
01110
011111110
011111110
011111111111111111110
01110
0111111111111111111110
00
011110
0110
01111111111111111110
00
0111110
00
011111111110
01111111110
01110
010
010
01110
01111111111111110
011111111111111110
00
01111110
011111111111110
0111111110
01111110
0111111111111110
0111110
0111111111111111110
010
0111111111110
00
011111111111111111111111
01110
010
010
011111110
00
01111111110
0110
0111111110
011111111111111111110
0111111111111110
011111110
011111110
011111110
00
0111111111111111111110
00
011111110
0111111110
01111111111110
01110
0111110
011111111111110
00
0111111111111111111110
0110
011111110
0111111111111111111110
00
01111111110
0110
0111111110
01111110
01111111111110
0110
011111111111111110
00
011111111110
0110
0111110
01111111111111111111110
01111111110
0110
0111111110
01111111111111110
01110
0111110
01110
011111110
011110
0110
01111111111111110
01110
01111111111110
010
0111111110
01111110
00
0110
010
0111111111110
00
01111110
01111111111110
0110
011111111111111110
00
011111111110
0110
0111110
011111111111110
0111111110
01111110
0111111111111110
0111110
0111111111111111110
010
0111111111110
00
011111111111111111111111
01110
010
010
011111110
00
01110
0111110
011111111111110
01110
011111111111110
011111111111110
010
0111111111110
00
011111111110
010
0110
01111111110
0110
0111111110
01111110
010
00
01110
011111111110
01111111111111111111110
0111111110
011110
00
01111111110
0110
0111111110
01111110
011111111110
0110
0111111110
011110
00
010
0110
01111111111110
011111110
01110
01111111110
010
0111111111110
00
0111111111111111110
01110
011111111110
00
01111111111111111111110
0111111111111111110
0110
0110
011111111111110
011111110
0111111110
01111111111111110
011111111111111110
